1
77
102
2
81
11
0
1
82
33
80
18
4
5
58
1
85
5
0
0
3
0
3
52
0
0
48
1
1
88
2
0
0
1
0
0
1
0
2
1
58
0
0
3
134
60
27
1
1
7
10
67
0
87
5
100
6
8
88
76
89
19
15
1
3
59
87
1
1
1
87
2
1
3
0
6
0
6
2
10
3
0
82
0
1
41
1
3
79
14
2
1
82
41
5
3
84
8
9
0
45
1
0
83
76
80
9
1
1
80
65
56
82
5
74
37
61
82
1
26
5
0
7
3
10
5
85
4
1
19
0
0
66
84
1
46
1
73
9
1
0
113
1
52
73
1
78
2
6
82
1
1
7
6
3
80
72
1
78
2
74
0
0
4
8
2
2
23
45
1
48
80
8
42
3
3
81
14
1
7
12
9
60
0
59
0
6
2
86
0
1
87
1
1
69
3
0
6
7
1
3
1
84
2
1
5
20
61
1
51
4
1
11
1
8
2
80
17
1
16
5
74
3
0
1
92
1
82
3
12
1
1
0
5
4
58
2
2
54
74
13
0
78
87
77
1
2
1
0
3
1
0
4
1
5
2
86
7
81
1
27
75
3
5
5
53
3
6
45
74
10
1
2
1
12
1
1
34
8
1
52
1
81
2
3
86
0
1
463
0
76
49
1
76
86
46
5
11
82
3
132
0
1
0
53
23
5
76
1
0
16
95
67
1
93
0
76
50
1
7
0
5
95
0
0
15
87
2
0
1
1
9
4
142
86
3
51
4
1
56
4
2
40
0
149
78
83
0
52
1
1
3
71
7
79
1
1
16
74
1
98
4
82
85
9
0
174
18
1
67
2
0
0
84
3
80
0
49
57
44
0
5
0
1
0
1
210
1
77
76
84
1
15
8
21
80
17
77
1
51
4
66
82
51
42
83
86
48
1
1
22
1
1
9
0
10
2
59
66
1
1
1
1
6
53
84
100
1
29
82
2
1
1
0
72
76
1
6
44
8
3
78
14
0
1
55
87
3
149
11
75
2
1
3
8
11
7
80
1
21
1
89
50
1
36
1
9
5
5
1
52
3
56
7
193
0
80
10
2
1
49
6
3
8
2
5
6
66
58
82
47
0
1
59
0
22
8
3
2
77
79
7
1
20
17
61
84
76
0
2
149
2
81
6
3
101
1
47
6
5
5
2
86
5
26
2
72
2
4
0
1
5
12
87
79
66
88
10
0
6
86
1
89
1
2
0
0
94
1
1
1
1
2
0
2
2
1
83
4
16
7
1
14
0
86
18
6
9
1
1
9
7
84
1
1
83
3
56
1
2
2
72
80
21
127
88
2
1
0
3
4
58
1
83
1
1
5
85
1
3
1
6
45
77
0
2
5
1
2
2
2
10
1
81
6
5
1
89
70
80
2
82
88
9
0
0
621
48
37
0
141
0
0
86
8
0
0
53
8
0
4
1
0
0
11
1
71
2
59
44
1
0
2
2
97
38
14
0
18
0
1
115
1
0
1
2
4
82
112
0
5
89
4
5
0
70
73
49
1
1
2
18
2
2
15
3
2
3
7
0
1
0
16
2
85
54
23
1
3
2
0
9
26
52
5
13
84
78
78
45
95
17
61
4
65
1
23
6
81
5
1
0
28
26
54
49
77
79
29
20
7
80
15
62
1
88
36
78
7
53
11
70
170
10
84
13
49
0
2
63
14
4
9
4
1
8
2
76
4
2
2
2
17
1
1
2
5
9
0
82
59
0
1
2
4
6
78
86
14
26
1
2
1
1
58
0
15
1
79
0
54
1
50
3
75
10
85
3
2
84
22
6
11
20
2
9
274
4
3
55
78
49
93
3
1
17
29
6
85
1
1
17
13
82
0
0
3
1
1
50
2
4
1
1
0
0
2
10
4
2
1
53
11
24
2
1
1
4
34
32
79
3
0
2
82
85
10
8
85
1
85
84
1
3
6
6
143
1
6
1
4
2
52
2
5
0
1
77
2
84
0
89
3
4
5
3
1
6
76
6
84
3
6
78
58
1
75
81
85
5
77
0
1
0
83
2
79
1
1
1
83
56
1
135
0
10
0
47
15
2
84
12
47
2
1
1
133
1
9
6
0
28
71
6
2
1
0
4
47
46
6
74
7
1
6
3
81
0
74
2
2
1
0
16
1
4
28
14
0
85
10
1
81
5
1
16
0
1
82
82
1
78
11
1
29
0
1
1
1
1
1
86
1
13
0
0
58
0
0
13
1
139
54
0
0
2
1
0
0
54
2
1
12
11
0
22
1
8
23
11
1
4
2
346
4
55
1
29
142
1
0
0
1
98
24
91
0
3
1
86
1
1
0
5
76
3
87
3
79
78
3
2
44
76
7
81
21
0
77
5
76
29
2
1
4
53
17
3
3
81
82
766
1
8
0
83
1
2
3
0
79
6
46
53
1
0
1
53
562
1
2
33
1
56
2
118
307
44
1
10
47
5
1
48
5
66
1
1
50
4
54
0
80
0
1
127
26
86
0
53
0
5
1
0
3
0
25
1
6
58
38
31
54
0
24
1
5
0
38
1
67
2
2
0
6
0
85
3
1
3
85
6
1
66
24
8
73
78
6
73
2
15
14
22
99
10
13
1
4
18
6
7
4
0
31
76
170
75
3
36
27
85
0
0
3
39
6
61
10
0
1
1
14
1
9
81
3
47
3
6
76
0
29
0
1
3
1
0
2
389
40
0
57
79
46
80
49
0
2
0
10
7
1
1
0
51
25
6
9
0
0
35
2
0
1
3
6
1
1
1
13
42
9
1
12
2
87
2
35
135
60
3
98
5
1
75
1
1
89
1
0
69
1
4
1
6
81
50
0
84
12
45
2
1
75
82
0
7
1
55
48
0
88
54
80
0
1
57
15
79
9
2
1
96
33
4
0
56
83
0
1
73
80
6
2
87
83
0
5
2
2
71
12
2
80
43
52
18
0
82
1
96
83
55
11
4
92
15
55
45
87
173
75
85
96
1
97
13
83
20
3
25
3
1
81
3
66
105
79
1
22
105
5
2
26
1
11
3
1
9
8
2
1
2
1
31
3
4
77
34
2
6
68
56
1
87
2
0
1
76
10
20
0
80
7
11
0
19
5
0
7
78
0
50
341
44
2
82
12
18
0
