4
5
24
1
3
0
3
0
10
0
1
7
0
2
2
0
3
0
3
2
0
2
0
1
1
2
2
0
0
9
0
1
11
11
1
1
0
3
2
0
0
2
2
0
90
35
0
0
0
17
0
20
2
4
0
6
0
0
1
10
21
12
3
1
0
6
1
7
0
0
2
0
0
1
1
1
1
0
0
6
5
1
1
1
0
1
0
0
6
6
0
0
5
3
0
2
5
0
0
1
2
0
3
6
2
3
8
0
0
1
27
0
92
1
5
1
0
3
2
31
7
1
1
1
8
10
2
1
0
7
2
1
27
5
0
1
0
3
5
7
1
25
0
6
3
0
10
0
8
13
0
1
0
0
0
6
32
0
7
1
9
1
1
0
0
0
0
39
0
0
6
7
0
0
0
0
2
0
0
0
0
0
42
5
1
1
3
0
3
2
0
2
0
0
5
0
5
8
0
0
0
2
6
0
4
0
0
2
0
0
1
0
0
0
0
0
6
0
2
1
0
1
5
925
2
2
2
4
6
5
0
0
5
1
1
23
0
0
0
7
4
157
4
1
7
2
0
0
4
0
0
6
1
0
2
0
1
0
2
0
1
3
0
0
0
2
0
0
3
1
0
0
0
0
12
0
0
2
0
0
2
0
1
0
0
6
1
0
64
1
3
2
0
2
4
1
0
0
4
1
19
2
0
1
0
3
0
10
0
4
1
2
57
0
7
1
7
14
0
3
1
5
9
2
1
0
2
5
7
0
0
1
24
5
1
0
2
0
0
1
0
0
35
1
22
6
2
1
4
0
0
0
16
0
0
0
2
4
1
0
11
0
3
8
0
2
130
0
0
7
0
7
1
10
0
2
1
0
1
3
1
3
1
0
6
0
100
0
5
11
5
0
1
6
6
6
0
2
1
2
0
27
5
6
4
4
6
0
1
0
5
0
0
0
2
0
0
27
21
0
0
0
0
1
0
17
2
0
8
2
0
0
0
1
1
2
4
0
11
3
0
0
1
2
0
4
2
0
12
2
7
0
0
0
0
3
1
2
0
0
0
1
0
0
19
0
0
2
0
0
0
0
24
0
79
1
8
0
0
0
3
9
8
0
0
7
0
22
2
6
1
1
0
1
1
2
0
0
0
3
2
0
0
5
12
3
3
10
2
0
25
0
3
5
2
55
1
0
10
0
0
0
8
4
3
0
5
0
2
2
0
0
0
2
3
6
7
18
1
7
1
1
2
0
0
1
1
2
0
1
5
0
0
1
1
1
0
3
0
1
5
0
25
5
2
0
0
0
0
0
1
0
5
1
0
3
1
0
0
0
0
6
2
0
35
2
0
0
2
0
0
27
0
9
0
3
1
6
0
0
0
7
0
0
1
1
3
0
0
1
1
0
0
2
0
2
3
4
5
1
0
11
3
1
1
1
283
2
2
1
12
1
2
3
0
2
1
2
1
4
0
0
1
1
4
2
1
0
0
4
0
1
0
1
2
4
2
1
6
2
0
5
0
1
0
0
0
0
36
1
0
22
0
0
1
2
6
0
0
0
0
3
0
0
0
0
2
2
1
1
0
1
34
2
1
2
7
0
3
3
1
0
6
2
0
0
3
0
1
8
4
6
4
0
5
0
0
13
6
0
0
1
3
15
2
3
5
2
43
22
10
3
0
2
0
1
13
1
1
29
0
6
48
12
2
9
32
2
0
47
0
1
0
0
2
0
1
5
8
0
1
0
33
0
0
0
0
8
1
10
1
1
5
0
0
0
0
2
1
0
0
0
1
0
3
4
4
0
7
7
0
0
2
0
6
3
3
0
5
4
0
0
0
0
4
8
0
0
0
1
68
1
6
4
0
0
0
0
16
0
2
5
0
2
7
1
6
0
0
25
3
7
1
0
1
2
1
1
2
0
0
6
0
2
0
0
0
0
2
1
37
0
14
1
2
3
24
0
8
0
2
7
0
0
0
1
25
0
0
0
0
0
1
2
0
1
1
8
0
10
2
5
0
0
0
0
1
0
1
14
2
0
7
5
1
0
3
1
1
0
6
1
0
17
2
0
8
0
0
2
1
4
8
36
12
0
2
2
0
0
1
0
1
0
4
6
0
0
0
5
2
18
3
0
1
0
5
2
0
0
0
4
0
0
0
6
5
1
3
0
0
0
1
0
0
0
7
0
11
2
17
0
6
0
3
19
2
0
0
1
0
2
0
0
10
2
0
0
3
0
0
3
0
0
2
1
2
1
1
0
0
17
3
1
2
0
0
1
1
0
1
1
0
16
1
2
0
0
0
0
0
0
0
9
1
63
1
0
26
0
1
1
0
14
0
1
1
0
0
8
0
0
7
0
1
0
3
0
9
4
0
0
6
3
0
9
0
2
7
0
0
1
3
0
11
2
0
0
0
3
8
229
0
4
7
4
0
0
0
1
3
0
2
37
5
1
0
27
57
0
0
2
0
2
6
18
362
0
1
0
0
0
1
0
0
5
0
24
3
0
0
5
2
1
0
14
3
4
1
2
2
0
0
1
0
2
7
0
0
1
1
33
36
1
16
0
2
2
6
0
0
0
0
1
0
1
9
0
0
21
1
0
0
22
2
5
18
4
9
12
11
3
2
0
4
0
6
0
3
60
0
1
0
1
3
2
2
6
0
50
8
2
1
1
0
0
1
10
10
1
1
1
7
0
0
4
0
0
0
3
3
2
13
2
1
0
0
2
0
342
5
2
1
3
2
12
2
1
0
4
5
0
0
0
2
2
4
0
3
2
1
1
0
1
0
0
0
0
0
0
20
1
3
0
0
1
5
0
38
32
0
1
1
2
0
2
0
0
1
7
3
24
0
0
0
0
4
0
2
6
18
4
0
0
12
5
1
18
0
1
1
2
1
1
4
1
0
4
1
4
1
0
0
3
0
0
8
0
1
1
0
2
1
0
0
0
16
1
1
0
12
14
0
0
6
1
0
0
1
9
0
0
0
35
0
0
4
0
0
63
3
14
3
1
19
0
30
2
3
1
0
0
0
0
1
1
5
5
4
1
10
1
6
8
4
0
0
0
0
0
1
1
1
0
0
0
2
0
2
0
0
0
16
2
0
4
0
1
0
2
0
39
1
9
4
7
1
0
0
4
5
1
2
0
3
1
0
10
1
53
1
