31
17
23
21
31
36
32
33
23
41
22
30
43
25
17
29
23
30
35
22
38
32
41
26
24
24
28
26
30
29
33
31
25
26
33
28
27
22
32
25
26
39
35
24
27
34
29
24
25
32
31
29
25
30
24
20
32
33
25
33
28
22
24
29
30
36
30
32
22
37
28
33
30
20
31
34
30
25
30
35
23
26
22
30
27
33
19
28
22
25
32
29
23
27
34
27
35
25
35
25
27
26
29
23
23
27
26
27
32
19
30
33
22
32
29
26
33
21
24
42
32
35
32
26
24
25
29
24
23
18
24
31
21
32
28
30
25
25
27
23
29
26
31
21
37
29
25
27
17
26
32
29
37
24
31
30
24
32
33
27
27
25
29
26
32
26
27
36
35
26
24
29
20
18
24
22
25
21
25
27
22
27
35
31
27
30
34
17
25
28
24
31
29
27
31
28
34
29
23
24
29
22
30
26
25
20
35
26
30
23
28
27
24
38
23
25
21
20
27
33
12
33
18
27
27
27
22
32
29
25
29
28
31
29
29
19
33
32
19
24
38
27
34
29
23
21
24
29
28
28
23
34
42
26
19
28
30
39
38
20
23
35
36
36
22
27
32
22
29
33
30
31
22
23
36
23
19
27
28
23
29
36
16
31
26
26
31
21
25
25
25
27
31
25
23
27
28
22
19
28
26
35
26
27
36
22
17
25
18
17
30
30
32
34
26
29
28
31
26
23
23
24
33
24
22
32
33
22
29
33
28
37
28
28
31
26
33
30
26
27
28
22
24
36
32
27
27
24
29
28
22
26
36
32
30
25
30
30
23
26
26
22
28
37
26
21
32
22
29
33
27
22
31
24
38
23
23
32
31
23
30
20
26
38
24
26
19
28
31
15
27
31
31
23
33
29
21
32
23
25
22
28
30
29
31
27
28
20
22
23
14
31
26
37
33
33
29
25
29
34
19
22
35
30
30
25
33
28
27
26
19
25
32
28
22
28
32
35
25
32
21
25
23
34
22
26
29
24
23
27
30
24
29
35
32
35
26
24
32
32
27
22
23
40
43
22
30
28
30
18
29
21
23
34
32
27
20
33
22
25
16
25
14
20
24
25
38
29
37
26
34
34
33
20
26
32
27
36
22
23
38
26
22
26
24
33
23
24
20
27
20
21
19
28
33
35
29
25
29
38
27
19
25
27
23
29
29
35
22
18
25
16
21
18
37
30
29
31
33
34
25
27
35
25
37
24
24
25
24
24
31
28
23
22
25
26
27
31
25
33
23
21
33
27
22
27
28
28
28
33
41
26
16
38
33
20
27
21
34
23
26
28
33
34
31
23
19
28
31
25
33
31
19
29
30
29
33
25
16
28
25
26
33
22
33
30
27
18
37
18
31
22
32
29
25
30
32
33
29
27
29
23
21
30
29
24
28
31
26
31
19
37
27
25
27
21
19
25
23
27
33
32
33
27
33
31
22
18
29
13
22
29
28
32
38
22
30
29
31
28
30
21
20
47
27
46
22
27
29
28
25
36
28
16
33
33
26
30
23
25
33
32
20
37
31
22
30
34
30
28
35
28
17
27
18
16
38
21
27
36
25
33
24
23
19
30
25
30
30
31
34
32
20
26
25
21
20
26
29
34
32
30
29
30
30
26
24
27
36
36
31
27
32
26
18
24
27
28
23
28
29
31
34
30
20
38
30
36
21
29
29
32
23
24
29
34
24
33
24
22
31
29
22
39
32
28
22
23
26
27
31
36
30
19
21
22
26
37
23
24
28
28
22
27
20
27
29
27
34
33
34
31
33
26
26
23
33
26
27
27
29
21
26
27
25
29
28
27
23
19
21
29
25
27
25
26
22
27
28
34
28
26
25
27
25
28
29
25
39
30
32
23
28
33
30
20
35
27
30
30
26
21
25
31
32
27
34
29
17
23
23
20
27
28
32
29
20
20
16
26
18
29
22
30
17
31
36
23
20
29
40
26
39
28
28
27
25
30
28
28
28
24
31
15
32
33
32
23
30
30
26
30
24
32
26
33
20
29
33
23
30
25
22
24
24
33
34
27
22
23
36
29
39
32
37
23
26
33
27
25
33
26
34
32
27
22
20
33
33
31
26
30
21
19
22
41
37
21
20
35
32
24
26
42
31
30
24
26
24
22
19
25
29
28
28
25
23
27
30
26
24
26
27
23
20
22
19
23
23
27
33
35
35
30
32
25
25
27
25
24
27
27
32
22
29
23
28
22
29
27
25
32
30
27
29
28
34
21
26
26
35
33
37
39
26
23
42
34
35
23
20
31
34
24
40
31
25
18
28
22
26
28
37
25
32
29
20
28
29
27
34
31
25
21
29
23
39
30
23
30
20
20
46
20
32
30
28
25
27
23
17
24
29
32
32
37
22
29
34
31
33
26
20
31
25
27
22
32
35
27
26
22
32
24
30
27
33
26
24
35
27
24
24
30
32
23
33
26
25
33
29
31
30
33
36
28
27
27
27
28
27
28
24
35
19
24
32
28
20
32
21
17
29
27
22
26
31
20
28
30
22
29
24
28
24
25
27
35
27
30
23
23
28
16
25
29
27
31
19
28
22
25
29
24
31
29
22
31
28
28
31
25
38
21
29
20
34
21
22
31
39
24
25
35
28
27
43
27
19
26
29
22
33
16
38
18
34
28
31
28
30
36
27
25
33
23
30
22
17
23
30
29
25
21
18
26
33
28
23
28
21
22
24
24
27
22
28
31
30
36
25
24
30
29
32
21
24
32
25
24
21
32
26
18
30
18
25
29
23
15
19
28
24
30
24
27
27
23
27
29
28
18
34
30
38
25
17
32
29
28
21
24
26
29
30
30
43
34
27
29
33
27
22
29
30
28
30
21
24
27
28
27
26
29
28
30
34
23
21
29
35
31
26
36
29
29
30
25
26
27
20
27
27
25
31
26
25
30
22
32
24
23
40
39
28
27
34
23
20
29
30
21
27
29
13
24
28
20
25
29
27
24
29
24
25
32
37
32
19
34
20
24
29
33
26
34
23
27
32
27
22
31
33
28
27
19
32
30
27
25
25
29
35
32
32
27
31
22
21
25
25
18
21
31
22
29
32
30
26
25
26
28
21
27
36
17
32
35
28
30
27
27
25
24
30
30
27
37
26
22
27
21
25
27
23
26
18
27
20
24
30
31
27
31
26
26
35
27
28
24
28
24
21
24
31
34
27
26
19
33
33
36
32
25
23
25
27
21
34
20
27
28
32
35
29
32
21
26
24
27
31
36
33
25
34
21
30
29
31
38
22
32
26
29
28
33
24
36
30
17
32
33
21
24
29
32
22
29
31
31
24
25
26
34
21
21
19
23
28
36
25
27
26
26
23
25
33
34
30
30
26
26
31
31
28
25
27
35
33
23
25
24
36
31
35
23
33
