5928
5947
5905
5909
5825
5896
5853
5864
5942
5946
5919
5971
6003
5902
5923
5901
5890
5952
5865
5902
5923
5920
5915
5881
5872
5926
5863
6018
5969
5924
5968
5949
5945
5775
5995
5969
5995
5871
5868
5908
5924
5956
5827
5854
5901
6057
5915
5955
5958
5972
5887
5951
5931
5928
5982
5849
5930
5876
5920
5921
5996
5968
5981
5989
5852
5923
5915
5956
5967
5992
6017
5891
5888
5878
5895
5973
5862
6002
5899
5966
5916
5969
5995
5906
5842
5950
5932
5830
5897
5906
5935
5950
5911
5980
5921
5933
5927
5887
5885
5876
5855
5864
5983
5845
5927
5950
5923
5922
5986
5962
6041
5930
5846
5893
5904
5910
5996
5896
5923
5990
5977
5863
5942
5892
5997
5960
5819
5882
5919
5883
6002
5891
5945
5980
5976
5911
5946
5915
5935
5937
5961
5960
5886
5861
5970
5933
5948
5972
5890
5912
5912
5980
5965
5831
5914
5926
5981
5954
5933
5926
5859
5922
5891
5927
5968
6012
5881
5927
5931
6004
5930
5970
5838
5965
5814
5889
5951
5953
5931
5954
5883
5965
5883
5941
5934
5914
6020
5958
5884
5943
5926
5977
5919
6003
5904
5847
5926
5911
5888
5871
5860
5916
5976
5895
5885
5866
5828
5797
5926
5890
6049
5952
5864
5990
5818
5895
5906
5897
5938
5932
5900
5920
5936
5914
5965
5945
5900
5965
5967
5954
5958
5892
5963
5890
5902
5823
5881
5929
5880
5913
5925
5876
5936
5914
5965
5952
5948
5894
5935
6001
5962
5882
5970
5948
5890
5956
5894
5881
5839
5928
5902
5922
5830
5858
5942
5942
5941
5904
5851
5880
5932
5873
5911
5838
5942
5972
5926
5965
5808
5922
5935
5956
5906
5905
5885
5891
6017
5942
5937
6009
5968
5963
5946
5864
5918
5900
5883
5947
5919
5885
5914
5912
5841
5947
5933
5996
5969
5999
5838
5901
5961
5856
5970
5860
5993
5997
5966
5912
5964
5939
5966
5972
5884
5927
5901
5882
5983
5847
5891
5874
5908
5937
5972
5882
5920
5857
5908
5954
5907
5982
5870
5960
5987
5992
5905
6055
5994
5931
5969
5917
5955
5952
5976
5981
5822
5990
5929
5979
5973
6015
5961
5892
5922
5861
6049
5937
5970
5942
5903
5963
5891
5921
5858
5904
5934
5935
5895
6000
5885
5993
5971
5892
5942
5883
5906
5924
5893
5930
5974
5875
5868
5988
5970
5982
5805
5977
5969
5938
5923
5853
5962
5974
5904
5991
5954
6053
5942
5977
6029
5962
5958
5903
5957
5960
5910
5975
5957
5879
5885
5974
6044
5863
5955
5928
5969
5917
6033
5827
5852
5931
5861
5971
5935
5937
5903
5946
5969
5961
5852
5878
5922
5988
5912
5958
5903
5960
5967
5941
5935
5973
5863
5966
5902
5894
5863
5951
5809
5882
5951
5889
5938
5951
5936
5956
5904
5935
5950
6019
5879
5970
5972
5880
5890
5886
5917
5889
5908
5950
6006
5934
5984
5971
5944
6000
5959
5977
5882
6004
5907
6003
5865
5974
5862
5996
5949
5996
5942
5835
5849
5850
5919
5891
5929
5887
5960
5869
5977
5912
5866
6012
5995
5933
5926
5868
5944
5982
5991
5818
5998
5989
5897
5926
5933
5917
5960
5919
5914
5979
5987
5867
5895
5977
5902
5887
5901
6012
5878
5963
5866
5902
5960
5831
6036
5956
5930
5984
6013
5901
5897
6005
5949
5885
5884
5888
5924
5918
5924
5922
5938
5979
5913
5790
5799
5968
5890
6056
5885
5877
5928
5909
5948
5838
5961
5943
5969
5898
5885
5863
5901
5974
5956
5959
5889
5903
5874
5991
5920
5955
5891
5877
5950
5891
5924
5856
5856
5866
5906
5988
5906
5824
5940
5952
6021
5918
6042
5974
5883
5920
5952
5950
5997
5875
5928
5962
5959
5971
5960
5970
5931
5990
5891
5923
5952
5944
5974
5918
5902
5864
5938
5874
5986
5906
5961
6012
5972
5862
5899
5975
5840
5948
5889
5968
5888
5966
5942
5975
5862
5948
5942
5898
5911
5895
5923
5871
5854
6029
5906
5927
5839
5934
5947
5899
5933
5941
5915
5979
5950
5916
6000
5968
5923
5860
6014
5877
5869
5947
5928
5961
5991
5920
5932
5946
5858
5986
5940
5877
5937
5975
5855
5873
5921
5914
5944
5981
5948
5836
5951
5855
5986
5821
5920
5888
5924
5910
5977
5922
5854
5996
5850
5918
5920
5933
5938
5919
5930
5762
5906
5938
5984
5920
5996
5935
5947
5819
5886
5965
5921
5966
5923
5916
5903
5920
5835
5868
5835
5896
5928
5915
5900
5938
5856
5947
5771
5963
5935
5909
5977
5897
5942
5834
5872
5875
5971
5916
5929
5862
5934
5892
5923
5852
5886
5996
5993
5857
5919
5887
5927
5929
5922
5912
5890
5990
5844
5875
5948
5909
5877
5966
5929
5975
5920
5886
5949
5919
5951
5913
5963
5922
5929
5876
5797
5931
5967
5911
6005
5976
5948
5938
5871
5879
5860
5918
5958
5925
5892
5945
5983
5952
5894
5938
5882
5954
5919
5896
5902
5966
5926
5932
5861
5862
5904
5897
6005
5849
5928
5955
5951
5884
5940
5908
5909
5925
5865
5938
6004
5866
6023
5954
5941
5831
5898
5903
5960
5916
6017
5911
5923
5918
5848
5962
6024
5880
5999
5917
6025
5963
5924
5955
5959
5886
5905
5911
5917
5856
5908
5854
5900
5975
5931
5932
5869
5850
5915
5915
5836
5916
5974
5989
5938
5939
5944
5999
5877
6053
5841
5990
5908
5964
5948
5869
5892
5837
5935
5876
5942
6013
5960
5883
5950
5901
6009
5909
5913
5931
5991
5945
5923
5929
5890
5994
5928
5970
5923
5943
5931
5920
5900
5894
5835
5926
5976
5911
5909
5976
5841
5827
5863
5940
5942
5902
5902
5953
5942
5961
5874
5974
5966
5917
5772
5879
5917
5914
6013
5959
5893
5946
5912
5865
5857
5964
5891
5889
5914
5981
5916
5943
5882
5986
5895
5940
5928
5896
5949
5900
5946
5903
5947
5994
5945
6007
5920
5919
5841
5884
5921
5852
5917
5905
5992
5914
5951
5852
5968
5970
5919
5912
6006
6027
5971
5932
5960
5895
5864
5901
5812
5885
5959
5924
5856
5974
5923
5991
6027
5939
5903
5966
5962
5928
5921
5912
5938
5972
5996
5852
5886
5977
5913
5988
5806
5975
5904
5857
5975
5942
5977
5876
5947
5830
5868
5971
5888
5996
5832
5892
6055
5890
5945
5941
5918
5932
5966
5975
5933
5987
5931
6037
5956
5912
5917
5913
5856
5931
6007
5928
5886
5931
5929
5927
5912
5872
5967
5877
5965
5934
5854
5845
5818
5967
5892
6071
5939
5893
5924
5947
5981
5816
5979
5966
5938
6032
5964
5940
5878
5940
5926
6031
5947
5977
5842
5999
5892
5961
5997
5841
5833
5880
5918
5921
5973
5857
5917
5974
5845
6037
5952
5862
5930
5874
5875
5882
5928
5912
5869
5970
5976
5858
5921
5848
5972
5896
5786
5946
5989
5952
5979
5989
5890
5929
5910
5878
5858
5819
6072
5907
5935
5892
5938
5969
5991
5870
5902
5943
6045
5955
5945
5932
5969
5863
5821
5938
5871
5956
5933
5848
5951
5881
5838
5949
5901
5916
5886
5959
5936
5888
5899
5884
5963
5935
5875
5939
5968
5976
5915
5863
5923
5866
5862
5836
5857
5907
5901
5932
5883
5872
5908
5968
5896
5869
5943
5891
5904
5961
5888
5810
5952
5899
5850
5908
5867
5951
6000
5977
5954
5941
5877
5874
5890
5876
5882
5882
6076
5955
5922
5971
5975
5918
5961
5880
5893
5940
5924
5846
5888
5886
5892
5995
5875
5922
5889
5956
5881
5907
5975
5858
5937
5955
5912
5928
6012
5923
5912
5849
5895
5982
5867
5875
5871
5928
5949
5941
5819
5942
5979
5961
5925
5851
5929
5863
5904
5926
5862
5915
5917
5946
5832
5908
5927
5880
5861
5862
5869
5903
5972
5930
5939
5877
5902
5888
5913
5867
5939
5822
5946
5848
5985
5908
5939
5861
5970
5921
5954
5966
5923
5970
5962
5980
5924
5869
5875
5931
5992
5975
5966
6014
5959
5927
5928
5799
6023
5987
5885
5964
5988
6015
5904
5930
5906
5978
6021
5749
5930
6026
5923
5940
5927
5991
5890
5969
5915
5908
5960
5855
5940
5940
5966
5983
5854
5987
5897
5866
5916
5950
5951
5950
5940
5992
6013
5903
5904
5865
5999
5886
5915
5960
5940
5861
5917
6033
5905
5937
5922
5935
5831
5931
5929
6034
5883
5926
5892
5923
6029
5928
5989
5950
5909
5969
5792
5862
5936
5864
5916
5888
5919
5874
5952
5857
5978
5901
5894
5828
5819
6004
5915
6020
5919
6007
5950
5854
5872
5937
6048
5928
5857
5960
5969
5896
5913
5995
5854
5922
5981
5908
5962
5953
6019
5865
5821
5960
5941
5923
5988
5939
5959
5894
5904
5902
5984
5934
5945
5909
5879
5984
5881
5898
5904
5948
5983
5895
5983
5964
5898
5926
5898
5928
5872
5890
5890
5958
5982
5884
5960
5898
5991
5935
5979
5985
5884
5942
5914
5907
5965
5881
5824
5894
6029
5947
5922
5908
5816
5951
6007
5908
5985
5932
5860
5848
5892
5901
5908
5881
6004
5977
5873
5960
5963
5966
5882
5864
5872
5877
5916
6007
5865
5865
5892
5830
5917
5942
5877
5888
5950
5956
5994
5948
5948
5976
5928
